30
72
0 1 4
1 0 4
1 2 2
2 1 2
2 3 2
3 2 2
3 4 2
4 3 2
4 5 2
5 4 2
5 6 2
6 5 2
6 7 2
7 6 2
7 8 2
8 7 2
8 9 2
9 8 2
9 10 2
10 9 2
11 12 2
12 11 2
12 13 2
13 12 2
13 14 3
14 13 3
14 15 2
15 14 2
15 16 2
16 15 2
16 17 2
17 16 2
17 18 2
18 17 2
18 19 2
19 18 2
20 21 2
21 20 2
21 22 3
22 21 3
22 23 3
23 22 3
23 24 2
24 23 2
24 25 2
25 24 2
25 26 2
26 25 2
26 27 3
27 26 3
27 28 2
28 27 2
28 29 3
29 28 3
8 17 4
17 8 4
8 26 5
26 8 5
17 26 3
26 17 3
5 24 4
24 5 4
23 1 6
1 23 6
10 27 5
27 10 5
14 23 6
23 14 6
6 25 4
25 6 4
9 17 3
17 9 3
